04601
04602
04603
04604
04728
04741
04742
04853
04854
09022
11017
11019
11020
11023
11024
11025
11026
11027
11029
11030
11033
11035
11036
11037
11038
11039
11039 
11040
11040 
11041
11043
11044
11045
11047
11048
11049
11050
11051
11052
11056
11057
11057 
11058
11059
11060
11062
56305
58651
04858
05305
05306
05650
05697
05698
06002
06003
06004
06005
06006
06007
06008
06009
06011
06201
06202
06215
06216
06228
06301
06302
06501
06502
06535
06536
06591
06592
06594
06595
06596
06617
06618
06621
06622
06837
06838
06839
06840
06948
07003
07004
07105
40005
55138
56393
24041
07144
07301
07403
07404
07603
07605
07606
07607
07608
08001
08002
08004
08017
08018
08043
08051
08052
08055
08113
08114
08469
08470
08471
08472
08565
08566
08567
08568
08569
08786
08787
08788
09002
09021
09051
09221
09561
09733
09734
11015
12084
13401
13410
40007
56320
08785
01494
09222
09405
09406
09562
09621
09622
09715
09716
09721
09724
09727
09728
09735
09736
09741
09742
09761
09762
09763
09764
09765
09766
10001
10002
10103
10104
10111
10112
10215
10216
11003
11004
11007
11009
11010
11011
11012
11014
11016
11018
15212
40013
56304
56386
56390
02082
02083
02084
02085
02086
02087
02088
02089
02090
02093
02411
02412
02413
02423
02424
02435
02436
02451
02452
02453
02454
02779
03283
03284
03686
04011
04031
04032
04053
04054
04115
02081
04116
04201
04202
04203
11067 
11108
11109
11110
11123
11124
11125
11126
11454
52071
11063 
11065
11066
11067
11068
11069
11070
11071
11072
11077
11078
11087
11088
11089
11090
11091
11092
11093
11094
11095
11096
11105
11106
11266
11401
11402
11403
11404
11423
11424
11447
11448
11449
11450
11451
11452
11453
11463
11464
11471
11472
12003
12020
12021
12022
12189
53030
56385
11465
11466
11702
12002
12004
12005
12006
12008
12009
12010
12011
12012
12013
12014
12015
12016
12017
12018
12023
12024
12025
12026
12028
12029
12031
12032
12033
12034
12037
12038
12051
12052
12053
12054
12055
12059
12060
12063
12064
12067
12083
12107
12108
12110
12118
56389
12056
12057
12058
12061
12062
12068
12069
12070
12072
12074
12075
12076
12078
12079
12080
12081
12082
12101
12102
12103
12104
12105
12106
12109
12111
12112
12113
12114
12115
12116
12117
12119
12120
12122
12135
12136
12137
12138
12139
12139 
12140
12143
12144
12148
12161
12162
51817
12123
12124
12125
12126
12127
12128
12129
12130
12131
12132
12133
12134
12141
12145
12147
12149
12150
12151
12152
12153
12154
12155
12156
12157
12158
12159
12160
12166
12167
12168
12169
12170
12171
12172
12173
12174
12177
12178
12183
12184
12185
12186
12187
12188
12194
12195
12196
53444
12176
12179
12180
12190
12191
12192
12197
12198
12201
12202
12203
12204
12205
12206
12207
12208
12209
12210
12211
12212
12213
12214
12215
12216
12217
12218
12219
12220
12222
12223
12224
12225
12226
12228
12229
12230
12231
12232
12233
12239
12260
12271
12273
12274
40029
56394
12234
12235
12236
12237
12238
12241
12242
12243
12244
12245
12251
12252
12253
12254
12261
12262
12264
12265
12266
12267
12268
12269
12270
12272
12275
12276
12277
12301
12303
12307
12307 
12311
12313
12314
12316
12318
12320
12325
12326
12327
12329
12330
12331
15941
40031
55334
63566
12278
12279
12280
12281
12282
12284
12287
12289
12290
12291
12292
12295
12296
12302
12304
12305
12306
12308
12309
12310
12312
12321
12322
12323
12324
12328
12332
12333
12339
12340
12343 
12344
12355
12359
12363
12367
12377
12378
12379
12383
12384
12757
12758
17488
19065
54552
56041
57200
12246
12334
12337
12338
12341
12342
12345
12347
12348
12351
12352
12356
12357
12358
12360
12361
12362
12364
12365
12366
12369
12370
12381
12382
12389
12390
12391
12392
12396
12404
12408
12410
12411
12412
12413
12414
12419
12420
12423
12427
12428
12431
12432
12437
12438
12439
12440
40001
12397
12398
12401
12402
12405
12406
12415
12416
12417
12418
12424
12425
12426
12429
12430
12433
12435
12436
12441
12442
12445
12446
12447
12448
12497
12455
12456
12457
12458
12468
12472
12475
12476
12477
12479
12480
12485
12486
12487
12489
12490
12491
12492
12496
16359
22607
53446
12449
12450
12451
12452
12453
12454
12459
12460
12461
12462
12464
12465
12466
12469
12470
12473
12474
12478
12481
12482
12484
12493
12494
12501
12502
12507
12508
12511
12512
12514
12519
12520
12522
12527
12528
12535
12536
12537
12538
12539
12540
12541
12543
12544
12549
12550
12553
40003
12498
12505
12506
12509
12510
12515
12516
12517
12518
12521
12523
12524
12525
12526
12529
12530
12531
12532
12533
12534
12545
12547
12548
12554
12557
12558
12569
12570
12571
12572
12573
12577
12578
12579
12581
12582
12583
12584
12592
12593
12594
12605
12606
12607
12608
12609
40009
12556
12559
12560
12562
12563
12564
12565
12566
12575
12576
12587
12588
12589
12590
12601
12602
12603
12604
12611
12612
12613
12614
12616
12620
12622
12623
12625
12626
12628
12629
12630
12635
12637
12638
12640
12643
12644
12649
12650
12651
12654
12657
12658
12662
12664
15605
40011
12617
12618
12621
12627
12631
12632
12634
12639
12642
12645
12646
12647
12648
12655
12656
12659
12660
12667
12668
12673
12674
12675
12676
12677
12678
12679
12680
12681
12682
12683
12695
12696
12697
12698
12701
12702
12703
12704
12707
12708
12710
12711
12712
12714
12715
15718
40015
52473
12666
12669
12670
12671
12672
12685
12686
12687
12688
12690
12691
12692
12693
12694
12705
12706
12716
12719
12720
12725
12726
12731
12732
12733
12734
12737
12738
12740
12741
12742
12747
12748
12750
12751
12752
12753
12754
12763
12764
12777
40045
52469
53448
55010
55102
55103
55118
55123
12717
12718
12721
12722
12723
12724
12727
12728
12729
12730
12755
12756
12759
12760
12785
12789
12790
12791
12792
12793
12794
12802
12805
12806
12811
12812
12813
12814
12816
12817
12818
12819
12820
12821
12822
12827
12828
12829
12830
12831
12832
12833
12834
40017
55104
55117
55121
55122
55124
12779
12780 
12781
12787
12788
12801
12804
12807
12808
12815
12823
12824
12825
12837
12838
12839
12841
12842
12845
40019
12887
12886
12885
12883
12882
12881
12872
12873
12874
12875
12876
12877
12780
12843
12844
12879
12884
12880
12891
12888
12893
12892
12895
12894
12897
12896
12903
12898
12908
12906 
12911
12910
12913
12912
12919
12914
12921
12920
12923
12922
12925
12924
12925 
12926
12927
12928
12929
12930
12935
12936
12937
12938
12939
12940
40025
58115
12901
12902
12907
12909
12915
12916
12917
12933
12934
12943
12944
12945
12947
12948
12949
12951
12955
12956
12959
12960
12961
12962
12965
12966
12967
12968
12969
12970
12971
12973
12974
12975
12976
12977
12978
12979
12981
12982
12983
12984
12988
12989
12990
12991
12992
40027
40033
40055
58610
12941
12942
12954
12957
12958
12963
12964
12995
12996
12997
12998
13005
13007
13008 
13009
13009 
13010
13011
13012
13015
13017
13018
13019
13020
13021
13022
13023
13025
13026
13027
13028
13039
13040
13049
13050
13051
13052
13054
13072
13104
13105
13106
13107
13108
13109
13110
13111
13111 
40035
40059
13008
13013
13014
13016
13024
13112
13113
13114
13117
13118
13133
13134
13141
13141 
13142
13145
13146
13147
13148
13149
13150
13152
13153 
13154
13156
13159
13160
13161
13162
13163
13164
13185
13186
13188
13202
13225
13226
13233
13234
13237
13238
13239
13240
13241
13242
13243
13248
19321
40037
13235
13236
13244
13246
13247
13251
13252
13287
13288
13301
13302
13304
13305
13306
13307
13308
13317
13319
13320
13329
13330
13331
13332
13345
13347
13348
13352
13404
13413
13414
13415
13416
13419
13421
13422
13465
13466
13483
13484
13501
40039
40041
40043
40047
40049
40051
40053
56842
56860
12259
13346
13502
13504
13506
13507
13509
13510
14001
14002
14004
14005
14006
14007
14008
14009
14010
14011
14012
14013
14014
14015
14016
14017
14018
14020
14033
14034
14035
14036
14037
14038
14041 
14042
14043
14044
14056
14083
14084
14085
14086
14095
14096
14096 
14109
14110
14114
40057
51672
12343
12483
14119
14120
14123
14124
14126
14163
14163 
14164
14201
14203
14204
14205
14206
14207
14208
14210
14211
14212
14213
14214
14215
14216
14217
14227
14228
14235
14236
14257
14258
14259
14265
14265 
14266
14307
14308
14309
14310
14311
14314
14315
14316
14317
14318
14321
19131
40107
40555
14322
14323
14324
14369
14370
14370 
14511 
14512
14519
14520
14524
14525
14526
14545
14546
14553
14554
14555
14556
14603
14607
14608
14609
14610
14629
14630
14631
14632
14633
14634
14645
14646
14650
14659 
14660
14661
14662
14673
14674
14681
14682
14701
14702
14703
14704
14705
14706
15011
15012
13103
13245
14708
14711
14712
14723
14724
14731
14732
14795
14796
14801
14802
14809
14810
14853
14854
14863
14864
14865
14866
14887 
14887S
14888
14889
14890
15001
15002
15004
15005
15006
15007
15009
15010
15013
15013 
15014
15016
15018
15018 
15019
15020
15021
15022
15023
15035
15035 
15236
41057
41501
14649
15003
15008
15027
15028
15037
15038
15039
15040
15041
15042
15045
15046
15047
15048
15049
15050
15051
15052
15097
15098
15101
15102
15103
15104
15105
15106
15107
15108
15109
15110
15159
15160
15201
15203
15209
15210
15211
15215
15216
15228
15267
15273
15274
15283
15284
15320
15322
15902
15204
15269
15272
15275
15276
15279
15280
15281
15282
15307
15308
15308 
15309
15310
15311
15312
15313
15314
15315
15316
15319
15321
15603
15604
15606
15609
15609 
15610
15611
15612
15620
15629
15630
15631
15632
15635
15636
15639
15643
15644
15669
15670
15691
15714
15743
15771
15772
22602
51631
13508
15645
15646
15647
15648
15652
15654
15658
15661
15662
15665
15666
15667
15668
15692
15693
15694
15695
15696
15713
15715
15716
15716 
15717
15719
15720
15721
15722
15723
15724
15764
15765
15766
15767
15768
15769
15770
15903
15904
16053
16054
16057
16058
16093
16094
16203
16204
55201
15640
15905
15906
15927
15928
15929
15930
15933
15934
15942
15960
16031
16032
16041
16085
16086
16089
16090
16108
16115
16116
16125
16127
16128
16175
16176
16177
16178
16179
16180
16201
16202
16205
16206
16209
16210
16215
16216
16227
16228
16231
16232
16302
16305
16309
16310
16322
16323
16326
11271
12809
14003
16221
16233
16234
16301
16303
16304
16306
16308
16313
16314
16315
16316
16317
16318
16318 
16324
16325
16327
16328
16331
16332
16333
16334
16335
16336
16337
16338
16339
16340
16341
16342
16343
16344
16347
16348
16349
16350
16381
16382
16517
16527
16529
16530
16532
16560
58402
14511
16345
16346
16351
16360
16501
16502
16505
16506
16508
16516
16518
16520
16521
16522
16525
16528
16531
16533
16534
16535
16536
16537
16538
16557
16559
16589
16590
16591
16592
16593
16594
16605
16606
16609
16610
16612
16687
16688
16688 
16702
16713
16714
16731
16735
16853
17001
17015
63151
15653
16603
16604
16611
16613
16614
16628
16629
16630
16649
16650
16669
16670
16724
16732
16733
16734
16736
16779
16780
16787
16788
16854
16861
16862
16865
16866
17003
17004
17005
17006
17013
17014
17032
17037
17057 
17203
17204
17205
17206
17209
17210
17212
17213
17229
17230
17304
17307
17309
12073
14209
15227
16042
16307
17017
17035
17036
17049
17050
17057
17058
17063
17064
17201
17202
17207
17208
17211
17214
17225
17226
17226 
17233
17234
17239
17240
17241
17255
17256
17301
17302
17303
17305
17308
17312
17313
17314
17315
17316
17403
17479 
17480
17610
17643
17644
18002
18207
56261
12175
12574
12713
17401
17402
17404
17405
17406
17415
17416
17429
17430
17479
17481
17482
17487
17603
17607
17608
17613
17614
17617
17618
17687
17688
18003
18004
18007
18008
18048
18102
18105
18106
18108
18190
18191
18192
18201
18205
18208
18209
18236
18239
18240
18241
18241 
18301
52179
56014
12380
12663
14260
15901
16312
16515
17038
17310
17609
18029
18048 
18101
18102 
18103
18181
18181 
18182
18183
18184
18189
18202
18203
18204
18206
18233
18234
18237
18238
18238 
18242
18302 
18401
18410
18417
18418
18447
18447 
18448
18449
18450
18452
18463
18464
18495
18496
18602
18604
18605
12610
13303
16526
18210
18309
18402
18405
18406
18413
18414
18415
18416
18419
18420
18425
18426
18452 
18473
18477
18478
18507
18509
18510
18517
18518
18601
18603
18606
18617
18621
18624
18625
18626
18627
18628
18646
19005
19005 
19006
19017
19039
19040
19049
19050
19051
19052
19053
19054
56523
12904
13006
18609
18610
18611
18613
18614
18615
18622
18623
18623 
18631
18632
19011
19012
19018
19019
19020
19023
19024
19025 
19026
19037
19038
19048
19059
19060
19113
19114
19116
19132
19151
19152
19215
19216
19223
19224
19225
19226
19259
19260
19263
19264
19269
19270
19305
19309
19310
19313
14604
15708
18451
19105
19107
19108
19109
19110
19119
19120
19129
19130
19143
19144
19165
19166
19167
19168
19221
19222
19311
19312
19314
19322
19323
19565
19566
19571
19572
19601
19602
19603
19604
19657
19658
19707
19708
19709
19710
19711
19712
19735
19771
19781
19801
19802
19943
19944
22112
12946
18104
18302
18303
19324
19325
19326
19327
19328
19567
19568
19569
19570
19653
19654
19736
19772
19782
19911
19915
21028
21107
21108
21125
21126
22131
22132
22162
22410
22424
22463
22471
22472
22601
22608
22681
22682
22811
22812
22835
22836
22845
22846
22855
22856
22905
58126
18310
22403
22405
22407
22408
22409
22423
22447
22481
22482
22609
22610
22688
22815
22816
22853
22854
22861
22862
22926
22996
23112
23142
23154
24033
24034
24042
24887
24888
25014
25036
25202
25610
25715
28242
28624
29019
29020
30145
31393
31511
31581
31801
31921
31923
31925
31927
31929
15657
23010
23111
23225
23226
23347
23348
24227
24228
24369
24370
24370 
25716
28181
28182
29059
29060
31922
31924
31926
31930
32249
33512
33533
34166
34431
34434
34502
34554
34557
34793
34794
34857
34858
37397
37657
37658
37857
38401
38403
38405
38411
38413
38417
38419
38423
38429
38433
38443
58124
18304
18312
37356
37398
38416
38418
38420
38424
38428
38434
38435
38439
38441
38444
38445
38448
38449
38450
38453
38455
38457
38463
38464
38467
38469
38633
38821
38846
40021
40023
40501
40503
40505
40507
40509
40511
40513
54056
54305
54307
54314
54315
54395
54398
55311
55323
58127
58135
58137
12288
12665
12778
14707
16352
16723
38468
38470
40515
40517
40519
40701
40705
40707
40711
41001
41003
41005
41007
41009
41011
41013
41015
41017
41019
41023
41025
41027
41029
41031
41033
41035
41037
41039
41041
41043
41045
41047
41049
41051
41053
41055
55303
55305
55307
55309
55321
40516
40518
40520
40521
40522
40523
40524
40526
40601
40704
40706
41059
41063
41067
41069
41071
41073
41075
41077
41079
41081
41083
41085
41087
41089
41091
41093
41095
41097
41099
41101
41103
41105
41107
41109
41111
41113
41115
41117
41119
41121
41123
42404
42406
42408
52941
54308
41064
41066
41112
41125
41127
41129
41131
41133
41505
41507
42412
42414
42416
42420
42422
42452
42802
43205
43216
43222
43401
43408
43501
43506
43551
43552
43553
43554
43801
43803
43806
43823
43851
43892
43921
47101
47102
47103
47104
47105
47106
47107
47108
47109
47110
47111
47112
54313
12952
22404
47113
47114
47116
47117
47118
47119
47120
47121
47122
47127
47128
47129
47130
47132
47133
47134
47135
47136
47137
47138
47139
47140
47141
47142
47149
47150
47151
47152
47153
47154
47155
47156
47157
47158
47159
47160
47161
47162
47163
47164
47165
47166
47168
47170
47171
47124
47125
47143
47144
47145
47146
47147
47148
47174
47175
47176
47177
47178
47179
47180
47181
47182
47183
47184
47185
47187
47188
47189
47190
47191
47192
47195
47196
47197
47198
47199
47200
47201
47202
47203
47204
47206
47208
47209
47211
47214
47216
47218
47220
50104
54306
56214
12393
15235
18612
19303
47193
47194
47210
47212
47213
47215
47217
47219
50107
50108
51027
51028
51029
51030
51033
51034
51116
51117
51118
51135
51136
51137
51138
51139
51140
51141
51142
51145
51146
51147
51148
51149
51150
51181
51182
51187
51188
51190
51197
51198
54316
54391
54396
12434
50105
51153
51154
51157
51183
51195
51254
51255
51256
51259
51260
51262
51286
51293
51294
51323
51325
51327
51348
51350
51353
51401
51402
51405
51406
51407
51408
51411
51412
51417
51418
51419
51420
51423
51424
51425
51426
51427
51428
51429
51430
51431
51432
54394
54397
55302
55304
12368
51284
51324
51326
51409
51410
51421
51422
51433
51434
51441
51442
51445
51446
51449
51450
51455
51456
51458
51461
51462
51463
51464
51601
51602
51605
51607
51608
51609
51610
51611
51612
51614
51632
51674
51675
51676
51677
51678
51683
51684
51685
51686
51687
51688
51689
51701
53450
51435
51436
51451
51452
51603
51690
51751
51752
51753
51754
51755
51756
51763
51764
51765
51766
51767
51768
51777
51778
51779
51780
51801
51802
51803
51804
51805
51806
51807
51808
51809
51810
51811
51812
51813
51814
51815
51818
51819
51821
51822
51828
51829
51830
51831
51832
51861
55306
51823
51824
51825
51826
51863
51864
51865
51866
51867
51868
51869
51870
51901
51902
51903
51904
51905
51906
51907
51908
51910
51911
51912
51913
51914
51915
51916
51971
51972
51973
51974
51975
51976
52002
52003
52004
52011
52012
52013
52014
52015
52020
52021
52022
52023
52024
55308
55310
51881
51883
51884
52025
52026
52027
52028
52033
52034
52035
52036
52037
52038
52041
52042
52045
52046
52048
52072
52073
52074
52075
52076
52082
52083
52084
52085
52086
52087
52088
52101
52102
52103
52104
52105
52106
52108
52109
52110
52121
52123
52131
52132
52137
52138
52143
52144
55312
14055
15959
52122
52124
52171
52172
52174
52175
52177
52178
52181
52182
52183
52201
52202
52203
52204
52205
52206
52207
52208
52209
52210
52211
52212
52214
52215
52216
52217
52218
52219
52220
52221
52222
52223
52224
52225
52226
52227
52229
52230
52231
52232
52233
52234
52235
55324
52176
52180
52184
52236
52237
52239
52240
52241
52242
52243
52245
52246
52247
52248
52249
52250
52251
52252
52254
52255
52257
52258
52259
52260
52261
52262
52263
52264
52265
52266
52267
52268
52269
52270
52271
52272
52274
52276
52277
52278
52280
52282
52283
52285
52286
52287
52288
54311
52273
52275
52295
52297
52298
52301
52302
52322
52323
52324
52325
52326
52327
52328
52329
52330
52468
52471
52467
52470
16311
52472
52474
52501
52502
52503
52504
52505
52506
52507
52508
52509
52510
52511
52512
52515
52516
52518
52519
52520
52521
52522
52523
52524
52525
52526
52527
52528
52529
52530
52531
52532
52534
52535
52536
52537
52538
52540
52541
52544
52545
52547
52548
52549
52550
52552
52553
52566
18005
52554
52556
52557
52558
52563
52564
52565
52567
52568
52569
52570
52571
52572
52575
52576
52577
52578
52579
52580
52901
52903
52904
52906
52907
52908
52909
52910
52911
52912
52913
52914
52915
52916
52917
52918
52919
52920
52921
52922
52923
52924
52926
52927
52928
52929
52930
22464
52931
52932
52933
52935
52937
52938
52939
52942
52943
52945
52946
52947
52948
52949
52950
52951
52952
52953
52954
52955
52956
52957
52958
52959
52960
52961
52962
52963
52964
52965
52966
52967
52968
52969
52970
52971
52972
52973
52975
52976
52977
52978
52979
52980
52981
52982
52983
14202
15632 
18508
25631
52984
52985
52986
52987
52988
52989
52990
52991
52992
52993
52994
53001
53002
53003
53004
53006
53007
53008
53010
53012
53014
53016
53017
53018
53022
53035
53043
53044
53045
53046
53047
53048
53050
53061
53062
53064
53065
53066
53067
53208
53213
53215
53217
18047
51196
53068
53070
53073
53074
53132
53135
53136
53137
53139
53140
53152
53153
53154
53155
53156
53172
53173
53174
53175
53177
53178
53179
53180
53181
53203
53204
53205
53206
53207
53214
53216
53218
53219
53227
53228
53229
53230
53231
53232
53321
53322
53343
53344
53345
53346
13071
18235
18409
18645
19306
22308
23040
37355
38442
43891
51816
53049
53323
53324
53325
53326
53327
53328
53333
53334
53336
53337
53338
53339
53340
53341
53342
53347
53348
53350
53351
53352
53358
53359
53360
53361
53362
53364
53401
53402
53403
53406
53412
53417
53418
53551
53553
53567
11055
11107
15270
16519
32252
51253
51882
52173
53442
53481
53482
53483
53484
53485
53487
53490
53491
53492
53493
53494
53511
53512
53513
53514
53517
53518
53519
53520
53547
53548
53552
53554
53602
53603
53604
53607
53641
53643
53644
53645
53646
53647
54001
54002
54011
54012
54022
57517
19916
53036
53609
53611
53612
53614
53616
53623
53624
53625
53626
53627
53628
53629
53630
53631
53632
53642
53648
53653
53654
53659
54003
54004
54006
54007
54008
54009
54013
54014
54015
54016
54018
54021
54023
54024
54043
54044
54045
54046
54051
54052
54053
54054
54077
54078
54091
54104
54031
54032
54033
54034
54035
54036
54037
54038
54039
54040
54041
54042
54047
54048
54049
54050
54055
54057
54058
54059
54060
54071
54072
54075
54076
54085
54086
54102
54105
54106
54107
54108
54109
54157
54158
54160
54192
54193
54221
54223
54226
54232
54234
54239
54243
54251
54254
54271
53138
54110
54151
54152
54153
54154
54155
54156
54211
54212
54222
54224
54225
54227
54228
54233
54237
54238
54240
54244
54252
54253
54255
54256
54262
54263
54264
54265
54266
54267
54270
54273
54274
54293
54294
54303
54304
54310
54328
54329
54330
54331
54332
54334
54351
54352
54466
12285
12918
17002
17050 
22111
47172
47205
52253
53411
53608
54231
54272
54281
54282
54283
54284
54291
54292
54301
54302
54312
54322
54323
54324
54325
54326
54327
54333
54335
54341
54342
54354
54355
54356
54371
54372
54374
54375
54376
54392
54401
54403
54461
54462
54464
54465
58838
54373
54377
54378
54382
54383
54384
54385
54386
54387
54388
54389
54390
54402
54405
54406
54411
54412
54413
54414
54416
54417
54418
54419
54420
54421
54422
54463
54471
54472
54474
54475
54476
54481
54482
54483
54484
54485
54486
54502
54503
54506
54531
54542
54551
54553
54572
54575
54576
54468
54469
54470
54473
54505
54511
54521
54522
54532
54539
54540
54541
54555
54556
54557
54558
54559
54560
54561
54562
54563
54564
54581
54582
54601
54603
54605
54621
54622
54625
54626
54631
54632
54633
54634
54636
54637
54638
54641
54642
54643
54644
54645
54653
54654
54701
56373
53423
54611
54612
54613
54614
54615
54616
54635
54646
54702
54703
54751
54752
54753
54754
54755
54756
54757
54758
54781
54782
54783
54784
54785
54786
54787
54788
54791
54792
54793
54794
54805
54806
54807
54809
54810
54811
54812
55002
55008
55009
55012
55013
55015
55017
55019
56605
53430
53432
54801
54802
54803
54804
54813
54814
54815
54816
54817
54818
54819
54820
54821
54822
54823
54824
54881
54882
55005
55006
55007
55018
55020
55024
55025
55026
55027
55028
55030
55031
55032
55033
55034
55035
55036
55037
55038
55045
55046
55049
55050
55101
55107
55115
55116
55125
14313
53422
53424
53425
53427
53474
53615
55039
55041
55042
55043
55044
55108
55109
55110
55111
55112
55113
55114
55119
55120
55126
55128
55130
55131
55133
55137
55139
55143
55144
55145
55146
55159
55160
55162
55207
55211
55212
55218
55238
55239
55240
55241
55242
55243
55244
55245
55246
55127
55129
55132
55134
55135
55136
55140
55142
55149
55150
55203
55204
55209
55210
55217
55219
55231
55232
55248
55301
55313
55314
55315
55316
55317
55319
55320
55322
55326
55327
55328
55332
55333
55337
55338
55339
55341
55342
55347
55348
55349
55501
55502
55503
55504
55506
55507
55325
55329
55330
55331
55508
55509
55510
55511
55512
55513
55514
55515
55516
55517
55518
55519
55520
55528
55529
55530
55531
55535
55536
55537
55538
55552
55553
55554
55555
55556
55557
55558
55559
55560
55565
55566
55567
55568
55569
55570
55573
55574
55575
55576
55577
55578
55722
55603
55604
55607
55608
55609
55612
55618
55707
55708
55711
55712
55713
55714
55715
55716
55721
55725
55726
55727
55728
55729
55730
55731
55732
55733
55734
55735
55736
55737
55738
55739
55740
55741
55743
55744
55745
55746
55747
55748
55749
55750
55751
55752
55811
55815
56006
53429
53431
55754
55755
55756
55757
55758
55759
55760
55791
55792
55793
55794
55802
55805
55806
55809
55812
55816
55817
55818
55901
55902
55903
55904
55905
55906
55907
55908
55913
55914
56001
56002
56003
56005
56007
56008
56009
56010
56011
56012
56013
56037
56038
56039
56040
56213
56042
56043
56044
56045
56046
56102
56103
56136
56137
56139
56140
56141
56142
56143
56144
56145
56146
56147
56148
56149
56150
56151
56201
56202
56203
56204
56205
56206
56209
56210
56211
56212
56221
56222
56223
56224
56225
56226
56227
56228
56229
56230
56231
56232
56233
56234
56237
56004
56238
56239
56240
56241
56242
56262
56263
56264
56265
56266
56268
56269
56270
56271
56272
56273
56274
56300
56301
56302
56303
56307
56308
56309
56310
56311
56312
56313
56315
56316
56317
56318
56319
56321
56323
56324
56325
56331
56370
56503
56504
56505
56506
56511
56515
56516
55525
56332
56333
56334
56335
56336
56337
56338
56371
56374
56375
56376
56377
56379
56380
56381
56382
56383
56384
56391
56392
56501
56502
56507
56508
56509
56510
56512
56513
56514
56517
56518
56519
56520
56525
56526
56527
56528
56601
56613
56615
56640
56641
56642
56651
56700
56701
56602
56603
56604
56606
56607
56608
56609
56610
56612
56616
56617
56618
56619
56620
56621
56643
56644
56645
56646
56647
56650
56652
56653
56654
56655
56656
56657
56659
56661
56703
56707
56708
56709
56710
56712
56714
56733
56734
56735
56736
56806
56808
56812
56821
56824
56826
56829
14523
53426
53428
55610
56704
56705
56706
56711
56713
56721
56722
56724
56725
56726
56761
56762
56763
56764
56765
56766
56767
56768
56805
56807
56811
56822
56823
56827
56828
56830
56835
56836
56837
56838
56839
56840
56845
56846
56859
56861
56863
56865
56873
56877
56904
56905
56906
55029
56833
56841
56843
56847
56848
56851
56852
56862
56864
56866
56874
56878
56890
56891
56892
56893
56894
56902
56907
56909
56909 
56910
56911
56912
56913
56914
56915
56916
56917
56918
56961
56963
56964
57129
57130
57131
57133
57134
57139
57145
57146
57156
57201
57207
57208
57235
53131
56962
56965
56966
57121
57122
57124
57135
57136
57140
57155
57202
57203
57209
57210
57216
57217
57218
57219
57220
57224
57225
57226
57229
57230
57231
57232
57240
57241
57242
57254
57257
57258
57259
57260
57271
57272
57274
57278
57279
57280
57427
57428
57437
57438
57547
51111
57237
57238
57239
57253
57256
57262
57263
57264
57265
57273
57285
57286
57298
57305
57306
57307
57308
57327
57328
57381
57382
57412
57426
57430
57439
57440
57467
57469
57474
57475
57476
57501
57502
57503
57504
57512
57516
57518
57519
57539
57540
57541
57542
57561
57581
57583
57448
57451
57453
57454
57468
57470
57473
57485
57486
57548
57549
57550
57551
57552
57553
57554
57557
57558
57563
57564
57582
57605
57606
57619
57625
57626
57640
57641
57642
57643
57644
57651
57652
57657
57658
57660
58000
58001
58003
58005
58006
58007
58011
58012
58014
58015
58016
51113
51114
51115
51886
57584
57628
57639
57649
57650
57659
57685
57686
58002
58008
58009
58010
58017
58018
58019
58020
58021
58022
58023
58025
58026
58101
58103
58104
58109
58110
58111
58112
58113
58114
58116
58151
58152
58162
58201
58202
58203
58204
58205
58206
58208
58215
58216
58117
58118
58125
58131
58132
58133
58134
58209
58210
58212
58213
58214
58217
58218
58220 
58221
58222
58223
58224
58401
58405
58406
58407
58408
58409
58410
58414
58415
58416
58417
58418
58421
58422
58423
58424
58435
58436
58527
58528
58541
58542
58601
58602
58603
58604
58605
58606
58220
58433
58434
58501
58525
58529
58530
58537
58538
58607
58608
58609
58652
58653
58654
58655
58656
58657
58658
58661
58662
58703
58704
58711
58712
58713
58714
58715
58716
58717
58718
58719
58720
58721
58722
58802
58808
58809
58810
58811
58813
58814
58815
58816
58817
58818
58831
58620
58621
58701
58702
58804
58805
58806
58832
58833
58835
58837
58839
58841
58843
58846
58847
58849
58850
58851
58852
58853
58854
58855
58856
58857
58858
58859
58860
58861
58862
58863
58864
58865
58866
58867
58868
58869
58870
58871
58873
58874
58876
59009
59010
59013
59023
59025
58834
58836
58840
58842
58844
58848
59026
59037
59038
59039
59040
59043
59044
59045
59046
59047
59048
59049
59051
59075
59076 
59077
59078
59092
59101
59102
59103
59104
59112
59115
59116
59117
59118
59119
59120
59121
59122
59152
59158
59163
59164
59165
59166
59205
59206
59207
59208
59211
59031
59032
59161
59162
59212
59213
59215
59216
59225
59226
59227
59228
59229
59230
59231
59232
59233
59234
59235
59236
59243
59244
59267
59268
59269
59270
59271
59272
59295
59296
59297
59298
59306
59318
59319
59320
59341
59342
59345
59346
59355
59356
59357
59358
59379
59385
59386
59317
59354
59386 2
59387
59388
59389
59390
59395
59396
59421
59422
59423
59424
59439
59440
59441
59441 
59459
59460
59461
59462
59473
59474
59475
59476
59477
59478
59481
59482
59483
59484
59503
59504
59509
59510
59511
59512
59547
59548
59601
59602
59603
59604
59605
59606
59702
59703
59704
51239
59394
59705
59707
59708
59709
59710
59711
59712
59713
59714
59715
59716
59717
59718
59721
59722
59723
59724
59725
59726
59801
59802
59805
59806
59811
59812
59813
59814
59821
59822
59831
59833
59834
59835
59836
61135
63153
63154
63155
63156
63157
63160
63161
63162
63163
63164
63165
63167
63168
63207
63208
63209
63210
63211
63212
63217
63218
63219
63220
63223
63224
63225
63226
63227
63228
63229
63230
63231
63232
63243
63244
63245
63246
63247
63248
63249
63250
63251
63252
63253
63254
63255
63256
63501
63502
63505
63509
63511
63513
63515
63519
63521
63523
63597
63598
13155
53042
54159
63525
63541
63542
63543
63544
63546
63547
63549
63550
63551
63552
63556
63561
63562
63563
63564
63567
63568
63569
63570
63572
63574
63591
63592
63593
63594
63595
63596
64001
64002
64089
64090
64091
64092
64093
64094
64095
64096
64449
64450
64491
12374
12373
13258
13257
57326
57325
11064
11272
12163
12164
12319
12403
12407
12495
12513
12591
12624
12661
12709
12735
12736
12835
12836
12840
12889
12890
12993
12994
13158
13351
15015
15024
15234
18107
18311
18616
37855
51158
51671
51827
52238
53041
53405
54103
54321
56100
56101
56731
56732
58161
63548
06012
11028
11042
12007
12689
14115
14116
14125
15619
16222
16627
17242
17311
17604
19025
24512
38458
42402
43001
47100
47126
47131
47173
47186
51285
52047
53069
53349
53363
53601
53613
54101
54336
54512
55617
55801
57223
57277
57411
57452
57631
58413
59014
59076
59380
59393
59803
63518
11008
12221
12488
12786
12797
12798
15707
17603 
17603 2
17639
17640
17651
17652
18474
19066
38460
47169
50106
51097
51098
51347
52019
52551
52555
52936
53610
54261
54268
54393
54704
55011
55021
55022
55335
55541
55742
56524
56611
56834
57425
57435
57456
57562
57594
57620
59353
12240
12335
12349
12409
12980
13348 
13352 
13402
13409
15202
17016
18411
19047
50103
52081
52279
52296
52517
52974
53021
53029
53441
53443
53445
53447
53449
53521
53660
54381
54571
54604
54808
56378
56825
56844
56903
57515
57624
58027
58426
58812
58845
59307
59701
59706
63242
63554
02094
22406
06593
06345
06001
01102
04857
09001
04204
02414
11098
07143
11063
08060
01493
05649
01101
04727
06010
04012
06346
11701
07106
08056
11034
11013
07604
09723
09722
11097
11046
11061
12001
12019
11265
12027
12030
12071
12077
12121
12142
55247
55539
55542
55549
59151
12394
12555
12257
12182
12346
12283
12146
12471
12722 
12317
12619
12193
12258
12165
12615
12286
12395
12463
12227
12181
12350
12263
12546
12336
12467
12315
12580
12633
12542
12448 
12653
12463 
12636
12561
12641
12739
12652
12687 
12782
12684
12803
12810
12826
12846
12847
12848
12849
12850
12851
12852
12853
12854
12855
12856
12857
12858
12859
12860
12861
12862
12863
52332
12864
12865
52401
12866
52402
12867
16126
13201
12868
14041
13157
12950
12878
12987
15233
12869
15036
13151
14312
12953
12905
12870
13420
12995 
13318
13187
14019
12972
12906
12871
13153
15017
15268
13053
14218
14887
15271
13403
13503
16107
14659
15651
16321
17031
17018
15763
16507
16558
16701
17401 
17481 
18001
18006
52244
19711 
22823
47123
18618
41503
18030
33593
47207
21068
19106
52228
41021
18235 
22824
51189
51606
38462
19115
18412
22161
47115
47167
25201
41065
51862
51261
40514
51112
51820
51702
51673
51240
51885
51909
51613
52107
52213
52321
52331
52403
52404
52405
52406
52407
52408
52411
52412
52413
52414
52415
52451
52452
52453
52454
52455
52456
52457
52458
52461
52462
52463
52464
52465
52905
56889
57123
54404
52466
53220
53415
53522
52925
55318
54467
52533
54309
53335
54606
52944
53416
52902
55810
54005
55014
53063
53404
55753
54415
54353
55611
53421
55237
54602
54092
55001
56138
55540
55040
55532
56267
56600
56614
56387
56723
57429
57422
57447
57593
57632
58028
63166
58801
58207
59157
59442
58803
67295
58219
63241
59214
59024
58425
59832
63545
59050
59386 
64492
67296
70101
83112
84369
